# Image list with two lines of data per image:
#   IMAGE_ID, QW, QX, QY, QZ, TX, TY, TZ, CAMERA_ID, NAME
#   POINTS2D[] as (X, Y, POINT3D_ID)
# Number of images: 3
1 0.92388 0.38268 0 0 0.15 -0.22 3.4 1 frame_0001.jpg
233.82350572 205.01850726 1 250.21777385 112.57260412 2 256.90075382 74.88784053 3 251.66422638 320.23011823 4 262.42301651 225.83124080 5 267.06302326 185.11928125 6 416.80721587 205.01850726 7 398.59136239 112.57260412 8 391.16582909 74.88784053 9 396.98419291 320.23011823 10 385.02998165 225.83124080 11 379.87441860 185.11928125 12
2 0.86603 0 0.5 0 -0.4 0.12 3.9 2 frame_0002.jpg
234.81929209 251.99407690 1 353.76292753 256.63141154 2 410.45968242 258.86544788 3 234.88744903 398.18384276 4 353.77856793 388.77931636 5 410.45668327 384.24787974 6 280.54641401 240.09183558 7 420.02601264 247.17734989 8 484.12771060 250.47359299 9 280.62295076 422.31137216 10 420.01634027 407.95018569 11 484.09123216 401.26710705 12
3 0.97237 0.13795 0.16554 0.10336 0.05 0.3 4.2 3 frame_0003.jpg
381.79402389 351.21781051 1 460.45751328 320.02173583 2 493.20078962 307.05594946 3 360.83901432 540.13458481 4 438.01003817 479.60604148 5 470.79554454 453.87902544 6 574.63089677 402.64367523 7 621.91131914 359.76557478 8 641.16225517 342.29733276 9 536.59358031 601.15046330 10 587.54390837 526.21627821 11 608.77264606 494.92825886 12
