# 3D point list with one line of data per point:
#   POINT3D_ID, X, Y, Z, R, G, B, ERROR, TRACK[] as (IMAGE_ID, POINT2D_IDX)
# Number of points: 12
1 -0.60000000 -0.45000000 -0.50000000 120 130 140 0.5 1 0 2 0 3 0
2 -0.60000000 -0.45000000 0.40000000 120 130 140 0.5 1 1 2 1 3 1
3 -0.60000000 -0.45000000 0.90000000 120 130 140 0.5 1 2 2 2 3 2
4 -0.60000000 0.55000000 -0.50000000 120 130 140 0.5 1 3 2 3 3 3
5 -0.60000000 0.55000000 0.40000000 120 130 140 0.5 1 4 2 4 3 4
6 -0.60000000 0.55000000 0.90000000 120 130 140 0.5 1 5 2 5 3 5
7 0.35000000 -0.45000000 -0.50000000 120 130 140 0.5 1 6 2 6 3 6
8 0.35000000 -0.45000000 0.40000000 120 130 140 0.5 1 7 2 7 3 7
9 0.35000000 -0.45000000 0.90000000 120 130 140 0.5 1 8 2 8 3 8
10 0.35000000 0.55000000 -0.50000000 120 130 140 0.5 1 9 2 9 3 9
11 0.35000000 0.55000000 0.40000000 120 130 140 0.5 1 10 2 10 3 10
12 0.35000000 0.55000000 0.90000000 120 130 140 0.5 1 11 2 11 3 11
